1
100 100 20
54 55 75 35 73 26 60 3 77 97 46 36 83 96 94 58 79 49 77 36 65 14 15 28 7 78 75 17 71 32 77 59 87 100 51 75 71 66 65 4 0 15 8 53 22 31 83 57 78 35 55 62 53 77 98 35 35 12 78 5 21 70 48 18 2 67 37 57 82 98 38 11 87 63 9 48 70 86 91 32 45 32 31 91 83 38 19 22 48 17 74 4 65 44 68 96 53 24 98 31
39 41 37 91 59 96 23 97 52 96 25 5 3 77 10 1 91 40 52 31 86 68 70 25 52 17 16 6 3 45 62 63 34 48 54 38 4 91 91 92 41 94 70 11 64 88 80 58 0 30 7 18 89 18 8 58 14 61 36 74 66 64 38 96 98 61 88 56 65 89 59 28 80 44 25 65 62 61 77 29 91 45 96 53 43 30 49 41 31 3 1 55 79 5 30 80 41 67 76 20
27 21 85 79 89 99 88 19 92 75 11 92 85 77 84 73 59 58 26 15 83 8 51 1 29 22 86 80 3 84 15 7 64 38 54 65 47 40 73 7 62 53 13 57 13 18 14 45 49 50 49 0 47 6 11 75 23 46 79 62 72 88 18 25 86 89 67 36 49 89 34 42 84 65 4 61 85 7 38 33 67 24 15 96 79 1 51 2 42 31 82 70 28 38 96 77 13 79 53 58
8 89 44 65 98 99 4 48 2 18 49 61 42 39 100 69 84 48 5 74 28 9 18 16 15 41 68 54 34 64 9 30 80 81 97 2 91 95 61 92 82 7 88 96 47 2 3 82 17 28 83 34 4 31 84 16 8 38 5 0 55 50 88 22 61 75 42 95 30 42 34 7 80 99 76 74 55 87 21 68 75 5 87 27 85 9 36 33 94 35 63 76 3 16 21 63 15 21 86 21
61 3 63 27 20 97 68 5 75 2 2 6 96 76 8 91 12 55 59 88 31 40 83 75 54 38 42 55 76 28 78 17 29 58 12 33 55 48 69 69 14 61 91 64 13 75 69 92 87 71 95 92 7 48 60 36 30 58 8 16 68 77 98 2 26 70 6 27 14 49 30 75 66 86 43 49 48 25 76 15 15 80 69 2 70 86 85 59 28 89 63 93 62 20 47 59 10 55 8 13
70 91 36 20 28 92 50 87 27 81 37 46 47 1 79 49 89 66 29 2 14 28 32 11 32 92 46 34 35 16 38 68 20 93 39 19 86 82 19 32 84 44 85 35 54 7 28 17 47 27 4 88 16 97 17 88 100 6 75 51 25 8 71 12 85 64 97 27 40 69 10 85 33 77 89 4 45 24 95 0 57 56 70 48 1 72 15 79 97 48 41 73 60 57 46 83 58 29 59 96
60 13 66 75 28 66 14 100 56 29 13 69 64 3 56 90 80 48 45 39 18 2 96 11 37 27 9 81 0 86 63 2 74 93 31 7 4 47 3 14 49 62 17 82 48 45 62 23 29 12 79 21 20 64 20 66 21 95 85 59 33 73 66 6 86 60 84 7 58 69 50 68 55 16 97 100 71 6 83 11 76 92 56 74 41 67 80 36 4 83 39 25 26 99 79 56 38 88 79 31
91 30 87 77 74 93 0 40 68 82 64 52 70 36 72 61 32 71 51 29 94 68 52 96 38 72 38 13 3 28 87 61 6 55 14 64 32 27 72 77 29 86 92 72 89 18 77 29 62 5 18 71 88 92 58 59 100 36 94 44 18 73 56 43 53 37 64 43 8 16 28 68 24 94 43 71 3 64 41 32 15 6 38 95 77 53 11 72 12 53 76 36 70 53 91 34 4 89 20 30
95 56 85 47 42 33 84 94 27 23 4 16 16 78 65 16 13 73 59 13 75 71 62 2 21 27 76 35 20 11 81 46 18 57 27 41 20 56 41 64 40 16 31 59 64 25 10 62 33 46 46 47 79 76 35 67 44 95 3 32 44 3 6 36 64 81 44 32 15 6 44 39 10 6 45 33 51 22 57 38 42 25 85 84 32 23 53 40 55 17 44 24 46 55 70 71 75 49 98 69
40 73 61 90 83 83 44 20 76 64 51 16 33 70 85 82 66 61 15 77 16 57 33 3 50 10 17 97 17 9 8 56 66 75 47 59 45 77 34 73 13 66 47 45 23 1 62 2 86 39 51 61 93 7 24 46 23 10 89 96 66 20 29 97 56 27 64 87 29 45 55 94 46 16 31 77 97 85 52 30 74 92 33 23 21 62 56 6 46 93 42 69 63 28 24 40 84 72 88 68
21 25 14 45 6 52 58 1 87 39 74 83 50 24 35 10 95 45 48 96 39 58 59 10 15 94 34 37 2 46 17 45 61 21 9 12 3 32 94 13 20 58 69 85 48 97 17 36 62 37 74 51 71 77 75 64 21 44 68 76 16 34 64 79 65 19 67 98 67 35 89 80 2 14 49 97 34 48 17 0 38 0 38 25 9 68 7 85 76 67 11 80 82 26 46 76 97 35 12 55
53 85 16 70 28 44 51 86 83 79 58 72 52 20 71 29 0 9 80 6 64 2 47 49 63 99 0 54 62 100 80 46 47 61 68 34 8 66 91 83 4 63 41 98 82 75 59 68 65 88 69 65 23 96 83 78 15 53 1 64 85 19 85 22 44 21 91 68 43 8 45 80 54 26 100 25 62 77 45 17 24 83 31 5 76 56 26 9 23 39 63 38 45 59 43 8 92 54 32 13
6 13 31 76 95 31 75 96 86 38 97 48 67 31 10 51 87 51 98 5 99 72 4 29 31 87 4 98 56 51 23 8 43 72 65 33 76 0 33 76 29 55 80 44 82 64 16 50 36 99 4 95 21 99 55 98 43 26 6 9 72 41 36 94 52 16 71 31 0 21 65 10 52 7 10 55 45 66 57 62 99 76 16 98 43 2 2 50 35 62 84 23 54 70 89 11 74 0 32 70
57 52 20 19 79 40 44 44 74 18 52 61 17 5 7 45 6 46 49 48 95 28 67 16 100 56 64 75 6 1 12 92 40 35 91 37 52 82 35 96 11 38 7 8 56 22 58 69 40 29 90 33 32 63 17 45 78 99 39 80 60 31 92 74 31 90 15 99 98 17 9 37 46 32 54 70 31 96 39 52 7 55 92 28 77 91 66 68 79 35 27 51 18 70 8 97 79 46 62 59
37 77 76 100 36 47 46 100 52 2 60 42 31 96 76 95 8 66 11 33 50 85 46 61 15 52 88 22 74 5 41 60 90 34 54 16 82 29 93 72 75 2 59 12 100 34 10 6 7 9 40 0 87 24 80 99 17 67 12 28 31 57 40 50 44 2 26 37 16 90 36 16 77 44 56 0 73 26 33 83 73 93 60 44 71 59 59 86 53 36 90 100 0 39 53 57 61 36 12 36
52 72 45 93 84 64 95 20 15 85 64 27 1 0 81 66 17 74 22 94 49 83 55 69 38 46 69 64 75 22 37 37 75 77 21 5 57 82 45 57 88 68 66 50 6 7 8 6 67 1 16 15 3 27 33 64 32 28 46 38 70 32 0 10 49 90 11 20 25 46 13 11 23 21 31 78 54 11 67 64 31 32 33 12 17 90 81 68 9 34 89 44 22 55 71 18 55 97 23 74
46 2 75 11 4 73 44 33 33 88 80 92 26 16 40 63 64 7 32 59 74 30 17 47 1 73 87 37 56 88 8 70 10 19 90 48 65 70 34 93 72 91 79 17 7 21 61 36 93 98 90 56 0 76 4 41 55 65 1 73 55 45 16 34 79 96 4 47 55 99 57 87 82 92 71 5 63 16 40 2 98 68 50 90 88 87 13 7 67 74 63 9 15 1 44 54 85 7 82 58
5 88 53 48 53 76 83 58 47 100 81 93 100 32 66 15 13 28 85 70 98 39 52 15 34 95 89 37 16 39 3 62 13 13 65 55 84 77 52 35 24 90 82 31 53 22 46 94 76 74 36 20 86 97 56 59 80 28 54 19 18 47 25 74 51 68 65 2 89 58 23 83 91 34 4 42 85 54 31 34 11 98 43 57 21 79 93 50 0 88 48 93 86 1 76 69 37 54 84 14
19 64 85 88 73 29 21 49 60 51 72 30 15 12 27 76 60 1 48 38 16 4 43 78 86 77 77 6 55 55 34 58 91 81 91 2 46 65 73 63 43 63 28 80 74 1 20 6 87 11 74 6 77 24 85 51 7 48 4 66 74 75 85 44 90 84 99 31 31 98 62 61 58 28 86 37 55 13 81 87 61 33 27 81 91 55 95 61 62 65 26 57 46 61 54 38 75 23 52 70
43 28 45 21 71 20 28 38 35 24 82 80 4 27 94 81 28 46 1 12 31 84 73 35 2 25 64 85 51 62 88 77 9 30 74 88 29 36 39 21 68 25 11 49 68 92 60 40 61 0 36 6 83 18 22 98 72 52 69 51 0 41 0 43 14 43 66 84 19 81 10 12 39 36 59 19 60 21 19 56 95 64 38 96 65 26 95 9 17 48 86 57 29 15 44 5 54 43 94 48
22 96 69 37 58 55 93 14 34 30 55 85 5 15 2 47 87 19 62 51 49 45 28 69 6 6 61 46 67 70 21 94 1 37 89 78 52 79 54 46 49 58 4 13 52 2 94 94 41 15 39 6 64 81 83 95 49 58 12 91 92 45 59 55 17 53 78 42 61 60 18 65 5 20 26 13 72 29 45 16 77 47 4 83 14 52 6 84 90 6 98 25 23 55 57 0 13 62 13 45
66 43 44 14 57 61 6 6 79 74 60 19 47 42 45 10 100 71 86 42 45 51 65 74 3 85 51 58 60 33 45 77 76 1 15 16 15 31 83 66 20 94 11 63 66 69 65 48 30 64 42 80 19 0 48 90 31 0 62 11 73 84 59 47 59 5 100 11 79 9 78 14 5 71 57 10 43 45 10 78 58 98 17 78 87 88 82 80 57 0 27 80 85 31 58 22 97 64 25 64
59 87 32 74 53 82 41 4 98 61 4 100 44 97 85 75 82 83 85 80 27 98 42 79 97 89 68 59 65 22 6 100 20 9 92 13 0 85 99 90 77 52 62 84 14 9 10 16 65 68 3 39 84 97 53 34 39 9 12 74 7 37 4 5 34 80 12 41 30 97 91 94 11 66 54 39 89 20 21 7 91 73 97 89 34 80 94 85 43 36 71 62 66 64 46 38 50 44 19 48
94 39 3 7 17 88 32 43 62 96 9 87 4 19 37 69 32 85 0 95 80 29 1 71 56 18 90 23 38 22 89 5 34 55 82 63 48 70 68 52 85 70 66 32 52 86 47 78 24 27 61 83 88 23 54 9 48 2 0 62 19 51 81 71 98 31 37 60 70 52 1 21 29 12 56 88 48 63 28 57 68 53 95 22 74 41 20 89 59 10 74 0 1 50 19 99 99 25 15 35
91 7 67 83 7 78 57 54 78 79 31 80 50 92 21 66 57 14 65 42 33 33 5 57 98 54 63 9 9 71 39 37 46 1 37 91 24 12 16 35 32 64 25 21 46 5 35 67 37 9 85 28 23 52 51 76 29 29 33 93 93 29 6 77 41 42 22 16 11 11 24 71 72 75 5 0 54 28 74 85 17 96 26 2 92 3 41 21 42 10 40 26 67 77 71 89 42 48 59 46
97 95 2 44 78 70 63 86 100 90 88 55 79 3 13 62 70 3 79 93 53 37 88 74 80 97 50 21 62 10 3 15 35 51 85 7 44 3 60 71 95 81 31 13 85 2 52 45 30 89 20 4 44 59 5 37 78 14 54 4 81 82 74 9 53 58 84 20 57 2 61 28 98 47 23 21 78 8 100 67 28 33 46 98 78 1 69 94 66 41 34 70 12 80 59 87 61 81 31 33
82 39 81 37 39 89 23 6 69 0 70 55 90 18 22 62 29 51 29 52 48 2 96 37 90 72 54 15 65 38 71 21 62 11 6 68 92 39 48 0 51 47 53 77 44 81 80 83 57 30 88 74 72 65 77 4 64 33 96 60 14 34 17 16 6 63 6 78 29 3 69 20 76 63 54 70 94 93 46 54 79 20 19 81 35 49 10 36 9 29 88 100 9 69 34 80 1 43 29 34
22 46 14 98 87 28 5 36 26 81 38 22 21 89 3 43 33 37 46 43 16 60 100 97 100 56 87 60 89 30 67 1 15 30 83 63 89 10 18 78 96 20 80 18 4 96 20 93 77 64 64 26 20 17 10 57 4 50 84 51 76 60 62 65 23 45 55 80 15 0 94 14 19 62 46 76 32 52 73 74 80 43 63 84 39 72 100 52 94 73 9 11 65 55 35 30 16 95 71 83
3 29 21 43 26 39 17 57 3 86 95 24 69 86 36 93 96 23 39 69 68 38 32 13 91 15 76 63 34 93 62 2 60 60 20 32 78 13 97 51 54 18 10 40 13 85 5 100 65 34 6 25 99 32 43 72 10 98 62 51 5 11 10 90 1 55 59 27 82 35 22 67 33 20 87 84 32 97 5 29 96 69 97 23 50 5 64 1 20 59 24 94 36 63 64 68 4 81 58 53
90 28 70 31 65 44 95 65 73 24 62 83 74 52 10 8 31 75 77 81 4 68 91 49 20 28 37 28 5 25 45 3 13 54 33 81 17 15 71 33 21 17 50 82 56 12 87 51 10 44 3 35 10 55 20 91 69 100 71 87 56 54 63 74 60 27 39 0 15 81 49 69 26 19 76 96 45 73 37 80 83 58 33 90 6 53 72 79 90 94 89 7 40 25 20 3 46 94 48 23
47 75 95 48 20 24 78 50 3 51 96 2 75 16 49 31 15 98 69 76 59 25 54 20 25 91 0 34 36 21 81 42 75 34 63 97 7 35 18 5 71 78 60 65 38 55 100 19 30 71 58 78 46 59 46 40 76 69 71 24 45 59 40 53 32 3 41 94 26 72 81 7 47 9 98 20 72 5 24 24 71 97 80 40 84 44 53 51 75 14 54 28 95 87 43 60 55 94 37 10
61 70 97 65 48 53 44 29 42 95 91 10 21 72 55 18 11 30 88 22 23 53 36 80 38 64 65 31 67 90 30 12 12 48 82 100 90 97 77 57 97 46 73 1 57 100 73 31 61 0 11 44 59 62 97 43 90 28 7 72 77 49 84 53 89 0 5 98 17 38 11 18 51 45 43 61 8 43 50 60 0 69 65 9 38 44 17 1 87 37 79 22 72 10 38 40 64 27 66 100
28 22 45 94 0 69 93 90 46 89 67 19 23 33 70 3 44 34 58 10 88 89 59 8 74 69 24 12 81 80 29 80 39 9 77 12 47 66 60 34 71 31 31 94 14 49 43 47 52 0 36 23 29 82 48 79 79 12 97 100 81 53 86 74 89 83 19 53 68 41 26 57 31 9 48 42 67 99 14 90 89 71 85 77 86 94 58 28 11 39 82 98 45 92 24 73 86 74 30 81
34 48 40 78 54 37 76 83 48 76 31 95 14 66 95 77 52 78 90 63 13 90 98 91 93 31 75 15 82 21 68 79 80 39 14 15 91 34 6 54 24 20 10 38 84 89 41 69 45 33 19 95 82 59 77 79 32 60 33 56 65 57 41 12 19 93 52 42 96 54 66 50 76 55 13 69 96 8 34 21 52 27 32 42 15 72 3 55 86 77 7 26 23 84 30 98 24 19 72 41
84 19 64 52 79 31 4 81 62 98 98 13 72 58 100 87 37 54 67 6 50 68 38 4 76 85 47 61 70 79 61 15 90 15 11 68 70 78 100 57 89 31 20 0 99 12 88 19 9 11 11 98 1 29 11 39 2 65 26 34 51 100 84 87 59 84 31 63 5 71 94 12 49 57 83 99 97 57 53 63 47 74 90 72 43 61 12 13 24 28 7 53 76 76 33 64 92 100 57 91
87 14 23 36 69 23 35 23 97 58 97 81 13 85 92 48 37 77 67 98 37 51 67 4 69 28 44 75 95 92 39 18 31 90 92 71 88 33 97 82 91 37 100 58 98 52 46 34 2 5 74 89 66 42 36 30 69 77 5 90 8 38 86 48 4 77 33 49 48 7 50 35 5 33 17 86 92 95 49 51 17 35 55 21 55 16 41 44 10 71 97 54 23 18 40 80 62 61 77 37
70 52 30 1 18 22 48 98 91 60 89 32 43 21 10 3 95 90 72 58 99 29 85 11 46 26 71 42 95 26 58 92 62 9 16 55 95 48 41 88 62 67 79 96 0 92 83 19 84 74 55 83 80 12 90 21 67 69 4 36 3 89 1 17 10 22 46 92 71 47 98 61 1 65 50 50 2 79 41 15 90 50 53 78 20 72 35 54 58 27 75 6 95 93 65 35 52 35 20 62
59 28 17 80 19 37 56 95 53 89 77 79 15 69 35 54 2 30 19 6 67 83 89 84 28 53 27 100 60 54 92 11 31 87 80 73 37 80 24 61 99 46 89 93 12 69 50 62 57 81 66 85 91 24 52 88 34 66 91 80 100 68 32 99 28 88 89 94 57 70 85 80 35 94 62 86 95 51 21 23 69 37 93 34 61 50 14 46 74 37 96 15 29 35 16 32 15 33 81 88
86 66 86 59 99 95 87 88 93 97 43 77 64 94 36 0 53 100 60 76 73 22 26 10 39 82 73 100 58 13 34 48 62 16 29 89 72 26 98 53 57 10 77 33 7 98 15 33 41 49 37 41 0 1 5 36 55 50 16 23 20 5 96 39 4 95 28 30 57 5 40 35 6 68 48 70 5 1 65 77 81 53 44 59 51 30 89 43 15 71 63 23 54 17 95 40 77 72 46 32
13 94 35 30 51 10 56 5 84 71 66 33 88 78 44 85 50 65 94 36 56 86 90 67 6 36 57 20 29 71 8 40 17 76 71 43 41 4 85 98 24 100 37 21 80 96 21 52 46 45 30 95 87 66 23 54 1 76 55 22 88 27 67 90 73 36 86 85 44 21 93 53 60 55 66 48 69 66 83 80 20 91 42 97 92 39 83 86 41 22 5 83 70 72 70 86 58 62 68 35
2 82 20 59 74 41 91 9 50 15 55 43 23 99 12 48 54 43 21 93 26 67 10 41 2 44 88 38 64 48 97 23 88 47 27 18 64 69 96 26 0 20 51 12 29 82 85 42 55 95 78 69 84 59 81 88 3 79 17 83 16 89 23 85 12 62 69 24 48 80 30 5 0 21 42 65 65 91 78 10 98 92 71 24 38 9 19 8 57 15 75 49 0 92 31 22 58 90 84 29
44 15 53 32 21 87 6 37 22 5 51 7 76 15 17 24 61 11 67 19 52 4 56 46 85 24 20 71 53 64 41 24 46 52 19 22 78 7 59 34 9 39 25 78 1 11 79 76 41 87 94 8 56 78 9 84 22 80 73 34 47 1 22 53 24 9 85 78 61 1 70 2 29 87 75 38 15 92 17 53 4 60 3 43 82 58 43 46 91 63 91 40 32 98 56 83 88 1 1 18
35 32 46 31 74 49 85 2 74 66 7 59 65 58 44 84 41 52 52 30 62 97 71 89 53 49 78 68 4 87 4 30 59 49 33 21 65 92 78 57 83 11 89 21 54 93 50 4 78 58 2 91 49 37 11 19 31 64 25 52 51 1 73 56 77 27 33 97 50 96 80 20 25 41 70 19 27 11 47 41 14 96 88 26 22 1 6 62 60 10 57 84 21 23 57 60 53 15 86 96
34 73 59 28 96 4 0 70 45 70 71 81 25 65 78 49 81 21 97 84 35 39 59 3 49 58 29 47 34 6 74 84 28 53 83 88 84 22 18 94 84 36 79 65 39 44 67 91 39 56 56 63 22 18 57 21 30 67 12 4 4 89 99 13 68 82 1 47 29 21 50 82 14 63 72 6 13 46 93 26 30 77 50 49 76 86 46 86 16 35 84 32 41 2 56 33 100 13 20 15
78 59 25 65 58 87 16 2 7 31 33 63 45 96 41 72 12 79 91 14 81 77 36 6 78 94 34 27 88 87 89 96 92 27 64 24 48 35 21 8 89 83 80 82 26 89 99 53 3 7 72 97 27 96 59 90 28 35 1 64 4 53 52 24 46 87 55 59 2 9 99 65 20 90 98 66 76 30 62 93 60 54 92 38 39 90 28 6 58 29 45 32 13 7 9 78 59 50 81 6
56 99 77 96 89 70 71 90 66 76 99 4 62 21 32 23 99 10 60 37 23 77 20 36 0 25 54 73 5 28 73 6 75 42 90 32 31 13 39 94 58 52 79 83 28 57 90 59 0 92 18 76 1 17 76 89 14 79 35 77 87 34 88 27 65 83 94 65 59 93 15 38 46 2 20 55 84 93 78 69 11 30 34 76 57 80 84 87 60 38 21 11 40 81 38 31 83 26 24 69
18 51 67 52 63 10 77 14 85 18 54 99 87 72 5 35 81 22 30 38 56 53 68 62 80 8 74 3 74 57 57 15 22 60 32 68 36 22 33 14 95 76 96 79 44 47 76 52 90 54 2 16 62 20 43 85 0 71 52 97 1 46 33 67 71 74 42 77 30 27 27 76 40 2 98 33 21 9 62 52 8 10 65 59 73 94 12 94 9 36 38 73 34 10 0 49 63 38 13 39
71 24 30 29 63 47 15 93 58 39 56 46 86 25 45 100 43 82 34 46 72 51 14 48 24 0 33 90 90 74 18 2 37 60 1 62 33 94 46 82 87 23 45 8 88 47 82 43 42 64 12 75 55 100 14 77 73 47 56 73 3 82 80 72 85 32 10 36 88 28 50 25 11 98 13 73 14 28 20 78 18 13 91 43 11 15 63 69 89 36 45 81 66 19 30 14 59 55 88 92
23 79 74 81 26 92 90 63 66 47 27 50 66 3 69 12 19 20 40 30 100 88 35 34 90 80 51 51 36 22 79 30 14 86 45 52 64 73 6 15 6 62 36 87 62 78 7 73 22 82 29 41 62 76 46 87 86 50 31 28 91 69 66 75 78 96 70 58 49 95 89 59 69 77 4 90 28 90 91 68 1 74 2 32 29 71 67 47 31 32 85 27 77 97 76 41 13 41 45 80
56 22 13 2 93 90 24 86 53 58 24 75 11 21 67 99 22 57 33 67 75 5 91 16 47 36 56 52 21 11 55 39 18 65 32 58 33 81 16 83 89 16 14 55 63 12 45 43 74 16 55 84 80 58 6 46 67 80 88 93 3 53 77 95 7 31 69 66 34 11 87 85 73 6 53 58 86 76 72 94 81 36 63 100 26 32 88 55 13 62 11 92 38 26 26 53 98 59 36 12
38 55 88 33 27 59 83 100 27 24 97 59 14 69 1 38 30 44 71 8 26 12 72 75 26 59 65 45 50 87 57 82 49 30 64 66 100 29 81 84 27 20 64 16 16 26 54 37 48 69 74 63 95 35 87 50 6 70 2 3 96 37 22 68 29 53 60 56 96 5 86 65 89 24 56 78 84 4 1 69 100 36 42 15 20 42 63 22 11 3 24 73 96 5 78 8 83 0 90 37
41 45 5 39 92 44 66 53 61 54 26 41 69 76 80 51 15 57 31 36 24 11 4 10 88 21 71 84 76 21 36 52 76 63 3 88 82 30 0 73 12 6 85 95 68 24 82 9 94 71 22 83 89 54 0 88 45 12 24 92 26 89 68 68 40 38 55 67 35 85 81 18 51 100 56 25 44 46 84 69 51 58 45 62 58 33 62 51 56 75 6 45 11 43 72 71 26 46 46 5
40 15 97 99 3 59 18 1 73 83 33 24 26 87 1 95 39 8 84 66 52 68 37 64 92 61 90 30 26 39 79 52 49 47 80 65 49 13 53 33 71 78 75 76 66 44 34 47 15 99 14 86 56 90 49 18 32 18 85 4 63 26 37 22 84 17 64 4 64 17 13 35 41 3 70 63 60 28 16 26 98 69 41 88 34 45 60 38 41 24 17 60 54 77 14 23 28 24 97 92
64 98 100 57 64 33 99 43 38 27 42 20 20 28 60 43 90 91 15 6 48 34 85 9 13 100 61 42 20 12 59 21 43 32 61 71 98 6 49 69 16 12 23 22 2 74 1 59 13 35 42 82 88 14 4 39 78 90 34 96 7 80 98 26 82 2 34 7 93 50 63 48 82 9 61 34 14 46 7 46 86 42 77 82 90 4 14 18 9 75 12 11 91 35 13 71 85 30 71 45
96 31 66 33 44 20 84 6 15 20 64 98 96 11 9 46 93 99 6 97 56 91 4 95 22 17 22 46 6 51 25 95 99 25 56 16 97 90 90 90 23 59 65 5 98 43 97 79 32 62 23 3 97 58 54 61 21 29 52 79 36 34 60 90 34 6 80 76 57 77 6 93 46 49 59 74 82 24 44 24 39 65 60 13 20 30 44 67 0 33 54 34 68 91 52 96 94 0 100 44
47 15 96 93 9 58 6 66 40 4 69 45 90 44 46 40 58 69 22 70 75 85 37 94 90 12 77 71 31 95 2 42 77 83 44 51 87 62 57 46 43 77 23 21 84 5 41 84 65 60 71 32 43 10 13 7 84 80 56 11 3 68 73 54 75 64 97 59 23 66 18 7 9 48 42 69 51 19 78 56 96 78 86 28 83 20 60 79 38 31 74 11 21 80 82 88 25 66 69 62
62 58 51 86 7 37 1 40 95 24 79 87 7 57 57 97 85 21 79 3 24 86 34 21 67 4 38 36 51 73 46 35 40 79 21 62 10 18 3 96 62 33 64 58 95 32 53 85 60 94 78 29 58 98 29 5 19 92 47 35 87 13 16 78 26 75 65 11 19 68 19 47 78 49 82 27 46 5 12 94 32 81 88 93 76 37 2 56 73 47 11 31 27 49 0 36 11 39 88 23
51 79 39 60 5 93 87 1 45 14 21 90 45 40 51 69 98 46 13 9 56 15 93 1 93 90 30 96 14 52 32 24 97 11 41 28 93 69 26 11 51 49 41 63 84 89 18 21 2 38 66 20 63 37 1 65 29 54 50 20 58 24 52 49 88 2 63 65 75 31 100 30 12 52 61 59 28 90 92 60 43 68 81 26 72 93 31 16 12 6 86 13 40 92 79 55 38 86 92 97
69 54 7 81 31 19 3 15 6 93 60 18 99 54 17 17 39 0 29 73 7 74 100 77 61 66 68 78 69 41 93 58 57 39 79 70 12 72 24 82 65 13 76 31 95 2 57 95 64 32 82 39 22 82 81 4 80 88 55 0 49 81 35 92 2 91 97 36 50 73 74 98 29 80 27 8 22 46 94 4 54 81 17 3 60 6 91 56 36 30 72 3 40 99 5 24 65 83 26 52
44 4 72 13 67 80 46 100 75 59 77 10 72 10 38 9 68 0 47 36 45 37 96 29 93 16 48 22 65 21 63 86 15 51 94 44 41 55 57 89 1 67 78 21 56 64 2 47 14 1 12 48 37 48 45 31 62 38 17 65 34 9 65 55 47 41 3 15 94 10 25 57 34 98 5 76 86 28 60 96 91 81 76 28 68 85 7 25 66 57 66 17 22 81 76 11 19 28 54 78
95 96 60 90 84 86 66 27 17 59 17 24 51 37 26 57 30 12 31 38 9 8 71 12 60 6 99 31 58 60 93 40 33 31 34 53 89 34 63 45 19 44 13 99 67 17 64 87 42 79 83 81 44 5 44 55 23 37 19 66 18 46 10 71 69 57 74 21 17 41 98 96 22 92 59 35 21 61 62 26 93 0 94 90 84 67 47 89 28 9 46 42 28 6 33 69 93 44 81 28
71 29 97 25 21 86 0 18 56 66 36 89 92 40 54 24 15 9 49 15 89 69 94 33 40 7 99 52 66 30 88 9 99 72 31 10 79 26 88 26 61 92 36 19 38 22 64 43 97 63 73 21 85 83 12 87 72 85 99 93 52 10 97 61 47 74 7 68 72 74 48 49 5 14 94 17 70 25 48 90 38 67 2 66 2 42 85 21 34 93 99 12 41 53 67 35 71 86 42 57
44 50 71 9 14 70 59 20 12 42 78 63 43 75 24 45 35 1 58 81 57 33 44 58 21 41 78 4 53 55 85 55 14 60 40 66 88 72 57 85 69 84 48 13 71 25 21 96 41 97 70 40 28 100 82 4 94 85 0 92 76 64 99 15 10 82 45 48 95 24 82 96 50 25 40 21 79 66 10 75 86 20 20 25 33 66 87 88 57 61 13 58 78 77 99 33 82 43 99 63
40 10 83 5 60 6 46 51 45 29 92 25 72 100 42 7 100 54 0 30 19 55 49 17 70 34 27 87 85 75 30 42 19 65 78 10 0 95 73 48 14 18 61 68 15 13 84 18 53 74 21 96 25 100 47 54 4 34 11 44 45 46 72 41 61 84 17 1 56 58 91 78 5 92 64 15 56 26 62 75 64 46 72 20 98 13 65 24 53 27 96 38 91 10 34 84 51 52 27 39
74 80 22 70 66 28 9 13 80 76 66 93 39 5 6 58 86 60 17 100 13 48 63 90 49 16 15 63 20 57 28 27 77 80 88 48 29 82 60 51 89 73 32 32 42 23 25 13 43 71 90 72 40 77 94 28 87 32 90 52 37 54 53 70 93 37 59 31 76 48 16 45 11 91 44 97 31 75 6 100 60 58 83 38 33 20 35 58 33 25 99 96 53 98 30 81 85 48 1 88
76 72 99 71 14 28 88 3 75 0 74 58 80 31 71 21 81 60 6 5 75 38 85 98 31 100 37 65 94 80 88 6 76 52 45 92 99 78 71 43 30 81 59 82 29 72 41 96 30 54 81 63 34 41 51 28 87 72 43 42 91 82 17 93 18 9 0 78 12 55 50 10 52 2 78 97 31 15 73 45 96 100 32 21 84 17 11 51 32 18 42 73 2 64 13 2 93 34 58 69
80 8 59 99 32 61 2 80 77 35 74 96 22 65 24 7 28 60 51 8 97 36 30 27 14 80 88 9 75 96 100 6 87 100 91 18 92 50 29 12 86 68 98 91 34 96 46 80 76 8 33 54 14 8 3 35 89 81 16 99 76 52 2 48 61 9 59 66 65 30 73 5 87 62 55 96 21 7 45 100 29 89 37 13 41 62 31 21 30 6 54 37 32 100 52 14 83 83 7 55
97 66 66 67 72 69 62 32 32 65 73 59 11 35 24 28 67 61 30 31 12 76 98 0 13 40 54 19 51 27 97 82 24 85 20 88 83 47 25 75 55 26 59 42 71 72 73 62 94 1 61 95 80 87 26 10 65 80 39 34 49 6 90 57 94 45 79 91 43 56 99 59 53 43 95 52 57 57 3 52 81 83 5 3 30 89 9 78 72 37 93 26 68 85 73 64 92 35 66 89
39 57 36 91 19 16 19 47 92 41 87 54 6 43 42 87 23 94 52 78 44 60 42 15 94 79 91 79 51 22 57 6 16 95 57 48 6 67 94 31 6 28 26 37 44 97 92 1 32 9 20 81 84 75 13 56 3 71 27 72 0 11 92 89 33 95 63 1 92 96 35 53 35 1 64 81 79 59 74 76 97 64 76 74 41 95 11 59 41 40 63 81 76 95 6 47 17 61 61 77
41 65 79 28 77 56 5 74 54 86 43 18 3 98 93 96 10 50 18 2 36 70 38 76 2 76 0 96 60 36 19 96 7 36 25 54 77 49 23 19 46 14 6 55 63 52 72 79 53 95 68 11 90 13 50 82 93 78 44 15 15 14 42 6 1 86 40 18 91 32 73 69 26 99 35 41 58 99 71 81 11 43 68 48 93 8 56 81 2 28 29 40 79 71 27 78 34 77 92 71
73 54 11 90 80 11 37 86 23 54 7 10 13 62 55 94 74 75 22 25 54 6 37 31 26 22 35 95 76 45 90 79 22 72 48 24 56 48 93 81 78 22 78 66 70 70 15 28 62 53 21 83 6 52 6 87 10 30 67 18 42 74 62 90 100 25 40 75 27 38 99 39 97 60 68 18 75 95 34 95 21 86 62 12 41 45 25 77 44 30 18 60 22 59 2 73 4 26 96 44
77 72 65 59 53 55 69 20 16 29 18 27 90 98 12 63 99 88 91 63 86 57 70 52 69 47 88 41 61 32 75 89 76 25 63 0 88 75 7 3 82 98 5 29 10 66 1 88 31 52 84 63 45 58 24 11 73 97 9 64 32 0 73 84 28 31 92 87 98 17 75 51 85 67 4 50 95 56 51 56 17 83 20 10 5 15 8 14 52 58 63 87 25 58 46 82 57 12 40 60
2 2 84 89 48 46 64 7 74 62 77 1 28 6 95 23 25 45 43 53 67 30 83 91 78 42 68 100 47 20 14 44 22 48 39 55 78 52 35 61 34 6 56 36 72 89 9 71 54 15 2 41 1 69 62 17 38 67 29 99 42 59 67 36 45 96 27 64 72 40 67 43 83 58 0 65 78 17 58 21 79 64 52 19 19 30 54 24 17 61 73 25 24 93 88 34 17 41 39 55
20 29 25 69 12 47 74 27 9 27 15 77 29 20 70 58 44 61 87 15 65 80 30 71 13 85 14 2 70 5 27 34 56 40 69 93 27 92 59 63 63 33 14 75 23 24 96 12 20 18 100 33 7 3 96 69 88 70 67 89 9 49 97 62 25 52 8 35 99 97 80 53 70 80 23 20 1 11 85 40 78 33 38 6 58 13 77 60 28 86 63 61 52 9 74 62 51 27 41 26
32 75 57 54 43 58 83 97 70 16 13 17 45 15 4 8 68 20 64 70 36 67 5 65 96 1 8 20 68 54 73 6 75 20 97 22 97 42 66 22 37 20 57 62 95 91 71 53 66 38 5 32 85 92 7 74 81 84 77 21 92 35 92 29 19 22 23 35 38 32 41 88 1 93 22 61 16 70 47 49 73 5 13 96 81 9 68 48 92 34 81 10 17 17 5 75 92 36 87 55
35 55 85 89 31 88 34 27 27 83 20 52 33 80 95 81 49 92 61 99 93 46 45 35 72 3 48 11 55 76 19 9 98 56 56 14 13 62 51 22 12 78 20 100 1 13 45 2 68 71 23 58 43 55 28 13 54 41 71 8 10 55 42 79 39 53 2 90 16 5 79 4 56 21 67 10 20 33 63 74 71 30 4 21 12 86 72 74 12 1 44 47 35 45 15 11 61 44 30 53
42 81 76 45 81 11 7 49 92 45 77 95 51 0 99 86 23 62 14 22 43 27 25 87 16 78 98 94 63 94 26 91 84 50 25 59 71 80 25 70 14 44 69 71 33 52 86 73 39 57 68 72 13 4 32 8 62 87 13 1 95 21 2 13 90 40 99 74 32 60 56 59 51 56 99 38 35 89 19 58 28 70 99 100 81 29 36 81 9 84 48 91 58 74 36 22 29 54 25 45
49 25 64 47 8 16 39 8 21 81 29 45 45 76 74 8 4 37 18 24 43 33 55 66 38 71 4 71 97 9 64 34 69 71 62 14 10 17 51 14 45 26 61 21 33 70 91 60 1 19 71 83 21 56 3 61 20 84 16 22 99 40 54 94 8 56 61 24 4 97 49 26 42 75 2 13 26 97 70 26 90 4 61 26 24 93 94 50 54 79 68 10 12 37 27 82 49 71 67 50
97 39 68 100 59 19 82 70 27 89 97 19 82 52 68 90 55 52 37 72 31 13 90 54 17 82 29 20 13 55 63 24 20 56 100 38 8 100 47 63 93 70 58 17 92 56 4 13 99 87 41 73 21 64 28 40 76 47 22 82 32 34 74 19 96 92 98 66 91 27 48 27 87 12 42 20 37 67 77 73 79 94 84 80 92 28 71 36 33 87 88 2 8 59 30 60 4 15 16 43
36 57 10 3 82 79 78 75 41 54 82 15 35 4 97 16 9 57 59 34 64 84 39 89 8 35 30 76 77 52 61 8 67 41 13 23 64 35 4 35 8 89 36 74 35 59 98 75 25 100 97 1 5 28 45 98 66 70 43 76 43 57 43 9 39 80 93 4 72 72 68 92 4 86 59 78 52 51 22 95 96 60 91 56 30 96 8 14 59 42 76 91 24 100 39 30 15 28 49 16
85 3 63 62 99 30 19 18 50 38 70 15 12 70 12 3 11 40 61 33 73 45 96 2 93 9 88 86 9 61 1 85 18 54 28 68 53 64 85 89 54 28 38 23 31 43 66 7 71 43 4 50 23 80 86 32 46 8 19 50 17 43 17 82 25 92 54 66 80 12 11 89 99 41 23 19 14 28 30 54 88 96 99 30 68 87 12 74 44 79 12 64 35 58 46 100 68 16 48 45
97 80 80 65 7 51 74 44 89 65 4 29 96 40 24 78 98 40 47 89 62 61 16 81 80 36 98 44 49 73 61 12 35 94 78 72 60 1 14 40 95 96 100 60 17 21 94 1 18 93 79 93 85 39 23 82 0 63 65 47 8 16 89 21 16 74 11 16 42 73 52 9 79 1 33 30 62 99 94 50 21 96 56 47 30 61 73 3 15 17 98 12 16 9 1 32 12 67 38 80
89 99 6 42 85 33 16 19 16 94 20 81 65 81 62 76 40 28 93 41 38 3 66 14 44 45 9 91 48 25 41 16 58 70 34 98 66 79 40 10 64 6 63 100 36 80 58 34 52 49 88 69 44 68 21 13 32 18 75 88 92 80 0 72 33 39 87 12 79 6 14 27 5 47 75 99 26 49 18 44 74 96 22 76 74 95 38 93 26 89 92 76 41 67 29 7 67 60 11 12
31 96 53 44 37 39 17 89 72 40 1 58 81 10 54 54 89 45 44 8 91 8 93 84 6 97 65 34 63 53 83 16 90 40 8 39 4 67 51 10 74 33 11 85 91 67 36 58 93 65 80 92 80 58 79 97 38 79 4 21 1 5 73 26 49 62 90 39 33 45 17 92 18 23 58 99 9 91 57 97 44 79 64 3 51 97 27 50 66 84 33 61 12 37 65 22 74 78 72 95
4 88 2 89 28 93 14 11 21 47 63 67 15 90 8 87 6 75 31 41 97 2 77 92 73 30 2 8 41 33 80 4 79 43 4 8 46 99 0 56 40 65 82 22 75 33 62 56 97 42 72 44 52 0 63 65 92 96 41 10 93 41 57 94 54 90 46 64 9 28 44 81 91 29 77 61 76 95 41 37 11 61 6 72 70 5 63 90 99 63 59 58 77 78 15 25 81 41 83 8
19 43 78 18 82 31 16 99 61 43 76 71 97 13 66 34 15 17 25 58 1 10 8 49 91 14 72 26 99 51 92 61 86 98 64 71 60 87 29 99 23 91 4 58 10 63 73 40 68 29 63 18 39 23 40 72 85 28 4 87 87 95 46 20 59 9 22 53 42 47 70 33 51 74 89 79 20 20 62 17 2 2 81 55 60 73 13 0 11 52 55 29 49 56 5 74 67 0 19 4
100 75 64 15 71 85 45 8 45 71 35 98 88 98 47 41 23 69 21 57 21 96 88 34 8 86 68 81 19 59 43 20 28 9 72 36 59 71 29 70 18 100 54 40 66 55 37 42 100 63 68 28 65 28 33 32 85 11 12 78 50 38 30 37 98 55 15 30 0 76 91 76 33 40 14 33 58 97 0 1 32 77 76 23 35 36 69 42 29 47 54 75 33 38 95 50 51 20 98 65
57 41 60 67 77 55 40 80 77 54 44 17 55 1 87 73 42 69 10 28 91 83 1 4 25 27 15 51 21 100 59 41 93 61 88 79 35 15 6 41 27 75 97 98 83 55 30 46 40 53 94 61 67 98 56 57 90 78 98 99 41 32 37 2 60 30 54 9 46 6 9 56 42 86 3 97 22 30 99 47 35 95 57 42 82 18 14 17 27 77 48 81 12 62 27 75 98 69 90 34
86 34 5 39 21 10 15 40 74 90 98 56 7 4 1 62 2 92 99 10 30 76 93 84 66 79 10 89 45 32 54 49 24 8 38 47 65 12 13 78 44 32 27 46 79 92 71 43 66 34 58 50 64 96 26 69 85 42 77 84 36 54 29 44 2 19 0 36 62 62 26 73 35 9 17 55 61 47 23 16 23 65 5 33 57 35 85 89 26 9 36 53 41 21 15 77 33 14 93 65
29 75 49 37 53 46 69 64 43 3 90 100 3 84 10 24 33 16 54 31 83 72 44 78 23 28 44 14 31 74 46 71 54 98 6 55 57 54 77 14 60 68 19 69 58 15 95 99 65 85 7 98 79 4 41 75 7 71 12 79 44 34 26 0 86 74 38 1 85 10 75 32 54 65 77 23 60 51 99 35 18 95 77 15 61 37 24 92 33 50 64 52 58 55 67 42 59 57 1 65
75 11 84 19 6 6 38 88 30 71 20 11 24 89 95 79 20 21 80 65 30 1 95 73 12 65 3 38 68 81 38 79 88 79 51 70 97 18 10 3 82 54 94 19 43 31 41 86 9 23 53 94 29 28 63 65 32 28 40 22 34 9 2 83 61 42 12 2 31 46 87 90 12 52 95 13 27 11 24 42 94 79 31 86 94 6 80 23 90 10 32 100 20 52 52 26 78 21 71 83
71 93 0 59 41 52 65 79 96 61 75 77 0 59 63 95 29 27 91 46 65 54 49 78 59 30 12 37 91 5 60 93 36 95 63 6 42 81 30 98 18 57 3 78 80 61 79 30 28 37 51 91 0 44 73 76 99 99 58 78 56 63 28 57 5 55 85 96 49 78 95 61 86 37 41 3 52 30 86 43 71 89 90 86 63 2 66 79 40 60 45 8 17 94 68 80 36 27 65 56
10 37 100 62 72 53 94 16 13 34 17 49 77 92 9 25 37 0 0 98 83 57 58 68 80 62 83 73 7 67 67 86 48 53 9 2 37 56 95 32 12 28 55 26 19 29 45 78 47 51 3 73 30 31 74 37 57 8 23 88 91 23 91 57 66 10 12 98 100 45 72 35 99 52 100 70 45 85 36 92 79 76 3 93 70 47 100 99 97 99 41 80 22 32 40 78 30 60 70 1
70 65 1 77 17 84 87 26 13 75 79 1 46 9 34 68 46 67 77 96 39 11 0 72 40 28 7 55 86 64 1 19 81 81 68 15 17 99 53 66 48 57 90 0 64 90 71 64 1 88 45 59 11 91 35 89 72 72 48 36 20 6 76 94 21 4 95 26 52 59 11 73 69 48 3 20 63 38 75 14 70 67 73 87 96 68 29 40 50 35 9 12 40 5 10 57 27 7 67 73
79 60 23 63 26 38 19 86 65 61 46 31 13 24 55 48 2 57 49 88 21 35 64 94 29 50 47 68 3 11 11 54 85 97 69 96 71 16 48 54 19 96 47 74 30 5 57 97 99 6 18 63 1 81 44 97 48 27 6 39 34 8 16 18 72 82 79 68 23 54 25 70 18 70 61 65 83 17 32 32 76 38 41 42 64 51 87 2 88 57 92 5 28 88 17 7 77 56 99 77
99 31 61 85 94 63 16 52 57 46 57 97 31 27 76 26 83 86 32 71 7 88 51 39 24 75 50 28 91 37 90 48 64 83 39 27 50 15 24 66 99 92 62 43 57 69 24 60 36 16 4 3 97 18 67 89 86 33 89 0 5 70 39 35 85 27 94 38 84 11 43 53 15 47 45 85 21 90 59 80 31 68 95 62 60 3 19 24 22 26 5 24 23 48 11 26 73 11 25 74
63 55 18 5 36 16 92 10 87 74 59 9 16 91 49 13 91 13 77 61 47 9 11 10 91 71 74 18 88 38 66 11 22 98 33 86 54 69 71 80 66 0 83 17 1 89 42 91 8 90 23 82 4 65 3 71 23 37 28 84 52 93 97 1 36 30 64 52 6 100 46 91 64 32 10 25 89 13 42 83 91 0 10 88 39 8 84 5 56 9 16 79 98 99 33 84 5 54 52 37
64 28 20 90 72 62 44 37 60 41 89 34 97 65 42 67 84 18 55 2 84 11 63 21 57 67 35 18 70 66 6 32 99 100 97 10 22 17 27 86 70 0 72 4 41 11 7 94 57 13 67 62 44 53 7 98 100 84 85 86 83 11 45 74 15 29 45 51 86 27 5 36 60 0 12 81 69 16 2 75 1 83 74 36 55 5 86 65 18 9 71 0 58 15 99 43 47 2 80 0
38 86 62 30 86 6 27 73 21 6 25 36 18 23 22 14 23 77 7 97 8 77 92 70 6 72 68 65 96 46 27 49 38 48 60 25 20 66 94 36 86 32 90 75 90 58 86 90 79 83 13 6 5 2 68 36 56 69 63 50 5 56 96 79 86 10 70 98 20 21 23 97 52 69 63 65 22 36 81 69 80 33 52 2 54 12 63 79 10 22 44 37 76 94 60 3 42 4 44 18
58 15 6 29 96 66 14 70 28 8 32 60 23 40 99 62 36 58 28 88 74 65 13 62 72 61 70 19 2 4 37 1 72 97 99 88 53 74 77 100 47 66 94 46 46 74 53 34 41 54 40 51 0 41 87 9 48 27 84 25 76 29 85 77 87 26 84 88 12 40 72 68 81 50 83 63 64 53 67 57 26 55 90 13 30 10 73 7 1 78 67 75 29 17 46 22 92 8 89 87
88 11
68 23
48 18
57 22
74 31
20 60
52 42
58 20
89 14
67 91
99 44
74 79
15 37
75 85
40 11
54 35
71 50
99 54
26 65
63 12
86 65
67 0
88 24
0 20
12 6
3 39
82 7
38 33
53 14
39 7
86 41
94 36
37 11
54 94
42 61
96 38
93 75
92 90
32 63
33 81
28 35
28 98
17 96
24 79
84 61
25 88
75 52
91 60
11 99
14 82
39 65
40 40
49 78
99 92
72 3
56 15
93 27
10 66
64 99
45 54
66 74
24 84
96 31
68 8
77 95
6 50
5 26
10 74
17 8
10 11
27 8
28 84
19 64
87 27
8 2
43 29
41 8
42 6
26 53
48 18
98 25
15 48
6 37
29 68
56 60
29 76
40 35
53 1
8 93
20 33
2 71
49 91
44 30
62 6
2 96
29 75
56 24
52 20
21 2
87 5
55
26
33
75
68
13
53
62
48
91
55
23
73
60
93
48
5
47
13
56
13
51
40
61